104.186
202.090
17.739
7.377
6.685
4.818
4.830
4.609
4.547
4.436
4.233
4.442
4.230
4.189
3.957
4.264
3.973
3.988
4.256
3.888
4.168
3.918
4.143
3.918
3.824
3.569
3.487
3.432
3.607
3.466
3.092
3.335
2.868
2.635
2.503
2.286
2.354
2.251
1.942
2.020
1.865
1.710
1.740
1.675
1.787
1.487
1.569
1.409
1.279
1.345
1.344
1.122
1.266
1.285
1.325
1.089
1.141
1.212
1.124
1.105
1.071
0.951
0.973
0.926
0.937
1.124
0.882
0.935
0.894
0.834
0.714
0.757
0.781
0.839
0.760
0.761
0.752
0.665
0.784
0.646
0.576
0.720
0.700
0.581
0.611
0.567
0.559
0.511
0.534
0.556
0.523
0.548
0.540
0.497
0.455
0.506
0.522
0.447
0.463
0.515
0.420
0.429
0.469
0.445
0.443
0.394
0.453
0.440
0.367
0.472
0.385
0.387
0.397
0.385
0.391
0.316
0.416
0.398
0.374
0.325
0.346
0.332
0.342
0.344
0.364
0.377
0.277
0.327
0.379
0.268
0.300
0.316
0.312
0.311
0.336
0.342
0.249
0.281
0.274
0.293
0.314
0.270
0.252
0.269
0.279
0.307
0.250
0.225
0.269
0.260
0.277
0.231
0.199
0.236
0.243
0.231
0.228
0.229
0.232
0.233
0.198
0.222
0.231
0.253
0.217
0.203
0.201
0.203
0.195
0.193
0.201
0.225
0.171
0.194
0.221
0.199
0.188
0.214
0.198
0.201
0.197
0.202
0.174
0.202
0.195
0.198
0.179
0.855
0.695
0.631
0.630
0.610
0.589
0.572
0.570
0.571
0.524
0.643
0.551
0.530
0.491
0.526
0.535
0.532
0.432
0.500
0.491
0.458
0.420
0.442
0.459
0.454
0.420
0.402
0.394
0.435
0.408
0.411
0.380
0.423
0.380
0.392
0.371
0.387
0.363
0.379
0.373
0.346
0.378
0.372
0.342
0.356
0.372
0.405
0.363
0.342
0.362
0.354
0.324
0.373
0.328
0.311
0.324
0.340
0.306
0.370
0.303
0.316
0.314
0.296
0.304
0.340
0.307
0.284
0.272
0.255
0.306
0.291
0.316
0.296
0.319
0.343
0.278
0.269
0.275
0.297
0.289
0.256
0.296
0.268
0.282
0.270
0.293
0.312
0.259
0.259
0.249
0.288
0.265
0.274
0.276
0.280
0.274
0.281
0.279
0.238
0.271
0.259
0.230
0.288
0.238
0.258
0.287
0.243
0.264
0.252
0.241
0.258
0.238
0.259
0.200
0.247
0.232
0.239
0.221
0.226
0.250
0.259
0.220
0.229
0.251
0.246
0.198
0.226
0.210
0.226
0.244
0.231
0.247
0.248
0.238
0.247
0.249
0.226
0.210
0.220
0.241
0.206
0.210
0.201
0.206
0.214
0.200
0.213
0.248
0.185
0.211
0.210
0.219
0.208
0.227
0.202
0.186
0.212
0.205
0.184
0.182
0.197
0.187
0.213
0.200
0.167
0.203
0.201
0.196
0.199
0.169
0.184
0.200
0.164
0.183
0.200
0.185
0.195
0.216
0.199
0.215
0.204
0.191
0.189
0.193
0.197
0.188
0.196
0.306
0.173
0.178
0.178
0.182
0.186
0.188
0.173
0.178
0.157
0.174
0.177
0.159
0.218
0.177
0.162
0.173
0.168
0.155
0.150
0.184
0.180
0.171
0.145
0.151
0.186
0.167
0.176
0.175
0.163
0.157
0.177
0.169
0.158
0.172
0.173
0.179
0.144
0.150
0.159
0.159
0.153
0.143
0.169
0.134
0.161
0.159
0.155
0.151
0.151
0.153
0.140
0.151
0.141
0.155
0.144
0.165
0.147
0.186
0.157
0.145
0.216
0.149
0.136
0.182
0.166
0.183
0.159
0.154
0.154
0.135
0.139
0.161
0.151
0.140
0.121
0.135
0.147
0.160
0.149
0.119
0.140
0.144
0.130
0.144
0.131
0.138
0.134
0.147
0.122
0.139
0.137
0.146
0.150
0.128
0.149
0.129
0.156
0.148
0.137
0.125
0.182
0.161
0.149
0.138
0.137
0.117
0.148
0.110
0.156
0.136
0.135
0.127
0.133
0.115
0.112
0.136
0.119
0.132
0.147
0.133
0.119
0.145
0.114
0.140
0.140
0.123
0.127
0.136
0.217
0.147
0.145
0.167
0.139
0.112
0.123
0.148
0.139
0.127
0.132
0.114
0.131
0.139
0.126
0.124
0.116
0.116
0.118
0.110
0.119
0.112
0.118
0.140
0.124
0.116
0.128
0.126
0.119
0.123
0.112
0.111
0.115
0.129
0.102
0.132
0.134
0.122
0.148
0.112
0.144
0.113
0.113
0.116
0.141
0.146
0.172
0.119
0.114
0.131
0.104
0.117
0.126
0.111
0.103
0.108
0.113
0.106
0.181
0.117
0.186
0.118
0.118
0.133
0.119
0.131
0.109
0.134
0.118
0.107
0.096
0.121
0.096
0.085
0.118
0.115
0.117
0.117
0.116
0.128
0.137
0.126
0.114
0.126
0.125
0.110
0.111
0.131
0.104
0.118
0.115
0.086
0.110
0.099
0.097
0.101
0.121
0.103
0.093
0.097
0.094
0.110
0.101
0.104
0.105
0.100
0.097
0.122
0.108
0.110
0.096
0.119
0.083
0.094
0.118
0.117
0.107
0.101
0.100
0.087
0.094
0.091
0.091
0.109
0.078
0.099
0.110
0.083
0.112
0.104
0.099
0.103
0.109
0.108
0.120
0.105
0.103
0.098
0.090
0.084
0.111
0.115
0.095
0.092
0.098
0.094
0.107
0.086
0.092
0.113
0.094
0.090
0.088
0.103
0.109
0.084
0.082
0.095
0.101
0.096
0.136
0.095
0.099
0.094
0.106
0.079
0.090
0.088
0.082
0.089
0.095
0.089
0.128
0.088
0.087
0.082
0.096
0.101
0.106
0.098
0.084
0.084
0.094
0.068
0.096
0.093
0.086
0.085
0.084
0.086
0.087
0.097
0.080
0.076
0.087
0.089
0.078
0.097
0.106
0.085
0.084
0.091
0.087
0.085
0.093
0.121
0.075
0.084
0.087
0.077
0.132
0.076
0.071
0.077
0.070
0.094
0.150
0.092
0.081
0.094
0.079
0.077
0.103
0.140
0.084
0.081
0.099
0.097
0.100
0.095
0.085
0.089
0.071
0.083
0.080
0.086
0.081
0.081
0.092
0.073
0.081
0.074
0.071
0.076
0.103
0.127
0.099
0.096
0.076
0.087
0.070
0.078
0.076
0.071
0.086
0.081
0.076
0.071
0.080
0.077
0.069
0.074
0.095
0.084
0.098
0.063
0.067
0.081
0.121
0.084
0.085
0.082
0.069
0.083
0.075
0.067
0.078
0.086
0.077
0.092
0.083
0.086
0.069
0.085
0.084
0.088
0.096
0.103
0.081
0.088
0.071
0.077
0.072
0.128
0.087
0.065
0.076
0.089
0.081
0.093
0.091
0.171
0.090
0.086
0.093
0.066
0.066
0.077
0.073
0.099
0.079
0.070
0.084
0.064
0.072
0.078
0.095
0.073
0.094
0.161
0.071
0.083
0.066
0.077
0.070
0.064
0.080
0.076
0.063
0.070
0.063
0.060
0.066
0.068
0.074
0.057
0.082
0.080
0.078
0.104
0.083
0.083
0.086
0.081
0.074
0.069
0.082
0.061
0.070
0.120
0.072
0.078
0.079
0.072
0.088
0.070
0.089
0.070
0.070
0.074
0.069
0.078
0.077
0.076
0.062
0.080
0.069
0.059
0.077
0.077
0.110
0.063
0.069
0.063
0.058
0.064
0.059
0.061
0.061
0.080
0.066
0.070
0.064
0.072
0.068
0.073
0.059
0.057
0.062
0.060
0.059
0.098
0.070
0.073
0.063
0.072
0.065
0.058
0.075
0.073
0.058
0.051
0.067
0.105
0.064
0.064
0.079
0.072
0.058
0.066
0.058
0.057
0.061
0.074
0.076
0.064
0.058
0.069
0.080
0.066
0.107
0.084
0.079
0.060
0.073
0.072
0.076
0.073
0.069
0.061
0.062
0.057
